40
150, 0, 0
100, 100, 0
0, 150, 0
-100, 100, 0
-150, 0, 0
-100, -100, 0
0, -150, 0
100, -100, 0
150, 0, 250
100, 100, 250
0, 150, 250
-100, 100, 250
-150, 0, 250
-100, -100, 250
0, -150, 250
100, -100, 250
25, 0, -70
16, 16, -70
0, 25, -70
-16, 16, -70
-25, 0, -70
-16, -16, -70
0, -25, -70
16, -16, -70
25, 0, -600
16, 16, -600
0, 25, -600
-16, 16, -600
-25, 0, -600
-16, -16, -600
0, -25, -600
16, -16, -600
150, 0, -650
100, 100, -650
0, 150, -650
-100, 100, -650
-150, 0, -650
-100, -100, -650
0, -150, -650
100, -100, -650
72
1, 2
2, 3
3, 4
4, 5
5, 6
6, 7
7, 8
8, 1
9, 10
10, 11
11, 12
12, 13
13, 14
14, 15
15, 16
16, 9
1, 9
2, 10
3, 11
4, 12
5, 13
6, 14
7, 15
8, 16
17, 18
18, 19
19, 20
20, 21
21, 22
22, 23
23, 24
24, 17
1, 17
2, 18
3, 19
4, 20
5, 21
6, 22
7, 23
8, 24
25, 26
26, 27
27, 28
28, 29
29, 30
30, 31
31, 32
32, 25
17, 25
18, 26
19, 27
20, 28
21, 29
22, 30
23, 31
24, 32
33, 34
34, 35
35, 36
36, 37
37, 38
38, 39
39, 40
40, 33
25, 33
26, 34
27, 35
28, 36
29, 37
30, 38
31, 39
32, 40
1,2,10
1,10,9
2, 3, 11
2, 11, 10
3, 4, 12
3, 12, 11
4, 5, 13
4, 13, 12
5, 6, 14
5, 14, 13
6, 7, 15
6, 15, 14
7, 8, 16
7, 16, 15
8, 1, 9
8, 9, 10
1, 2, 18
1, 18, 17
2, 3, 19
2, 19, 18
3, 4, 20
3, 20, 19
4, 5, 21
4, 21, 20
5, 6, 22
5, 22, 21
6, 7, 23
6, 23, 22
7, 8, 24
7, 24, 23
8, 1, 17
8, 17, 24
3, 4, 20
3, 20, 19
4, 5, 21
4, 21, 20
5, 6, 22
5, 22, 21
6, 7, 23
6, 23, 22
7, 8, 24
7, 24, 23
8, 1, 17
8, 17, 24
3, 4, 20
3, 20, 19
4, 5, 21
4, 21, 20
5, 6, 22
5, 22, 21
6, 7, 23
6, 23, 22
7, 8, 24
7, 24, 23
8, 1, 17
8, 17, 24
17, 23, 24
17, 22, 23
17, 21, 22
17, 18, 21
18, 20, 21
18, 19, 20
17, 23, 24
17, 22, 23
17, 21, 22
17, 18, 21
18, 20, 21
18, 19, 20
17, 23, 24
17, 22, 23
17, 21, 22
17, 18, 21
18, 20, 21
18, 19, 20
17, 23, 24
17, 22, 23
17, 21, 22
17, 18, 21
18, 20, 21
18, 19, 20
17, 23, 24
17, 22, 23
17, 21, 22
17, 18, 21
18, 20, 21
18, 19, 20
17, 23, 24
17, 22, 23
17, 21, 22
17, 18, 21
18, 20, 21
18, 19, 20
17, 23, 24
17, 22, 23
17, 21, 22
17, 18, 21
18, 20, 21
18, 19, 20
17, 23, 24
17, 22, 23
17, 21, 22
17, 18, 21
18, 20, 21
18, 19, 20
17, 23, 24
17, 22, 23
17, 21, 22
17, 18, 21
18, 20, 21
18, 19, 20
17, 23, 24
17, 22, 23
17, 21, 22
17, 18, 21
18, 20, 21
18, 19, 20
17, 23, 24
17, 22, 23
17, 21, 22
17, 18, 21
18, 20, 21
18, 19, 20
17, 23, 24
17, 22, 23
17, 21, 22
17, 18, 21
18, 20, 21
18, 19, 20
17, 23, 24
17, 22, 23
17, 21, 22
17, 18, 21
18, 20, 21
18, 19, 20
17, 23, 24
17, 22, 23
17, 21, 22
17, 18, 21
18, 20, 21
18, 19, 20
17, 23, 24
17, 22, 23
17, 21, 22
17, 18, 21
18, 20, 21
18, 19, 20
17, 23, 24
17, 22, 23
17, 21, 22
17, 18, 21
18, 20, 21
18, 19, 20
17, 23, 24
17, 22, 23
17, 21, 22
17, 18, 21
18, 20, 21
18, 19, 20
